block |V| list: [50, 50]
[0.8712735892527484, 0.255]
[0.255, 0.6287264107472516]

block |V| list: [34, 34, 32]
[0.6257865243754406, 0.2472628687899922, 0.42556154584819467]
[0.2472628687899922, 0.8280150658259327, 0.4711885678271445]
[0.42556154584819467, 0.4711885678271445, 0.8022526368891727]

block |V| list: [25, 25, 25, 25]
[0.6590502584600794, 0.34985954112500317, 0.4516530358478306, 0.4395418881159119]
[0.34985954112500317, 0.6063239431506648, 0.4369223807736216, 0.47024701096418137]
[0.4516530358478306, 0.4369223807736216, 0.9142660063098007, 0.3717761431734512]
[0.4395418881159119, 0.47024701096418137, 0.3717761431734512, 0.820359792079455]

block |V| list: [20, 20, 20, 20, 20]
[0.7920665627572596, 0.4817228345539776, 0.4387498026285882, 0.4721071111418041, 0.396440874726103]
[0.4817228345539776, 0.7932687722274936, 0.48221295055720076, 0.492807008314265, 0.32184921505564923]
[0.4387498026285882, 0.48221295055720076, 0.8263269159531532, 0.47258411330772854, 0.4797890520718245]
[0.4721071111418041, 0.492807008314265, 0.47258411330772854, 0.6173423259660411, 0.367987037642859]
[0.396440874726103, 0.32184921505564923, 0.4797890520718245, 0.367987037642859, 0.7209954230960527]

block |V| list: [50, 50]
[0.8192547370644008, 0.25499999999999995]
[0.25499999999999995, 0.6807452629355993]

block |V| list: [34, 34, 32]
[0.7923534294301365, 0.46153411312808335, 0.2925772432402529]
[0.46153411312808335, 0.8096355330322251, 0.37650967332586466]
[0.2925772432402529, 0.37650967332586466, 0.6346455485052722]

block |V| list: [25, 25, 25, 25]
[0.9285116523379444, 0.4878483728749989, 0.2712260851445317, 0.4620467696296519]
[0.4878483728749989, 0.853346690926595, 0.47534490373335764, 0.468532467245554]
[0.2712260851445317, 0.47534490373335764, 0.5942152258092187, 0.3550014013719053]
[0.4620467696296519, 0.468532467245554, 0.3550014013719053, 0.6239264309262422]

block |V| list: [20, 20, 20, 20, 20]
[0.8083044308565939, 0.4498344935233089, 0.43831721090182363, 0.4880811590048121, 0.47928324492361635]
[0.4498344935233089, 0.5823862888105237, 0.4083614336127425, 0.4608709136392432, 0.46714366018483644]
[0.43831721090182363, 0.4083614336127425, 0.9145227880837392, 0.43649500783884726, 0.480545126089776]
[0.4880811590048121, 0.4608709136392432, 0.43649500783884726, 0.6650388524926811, 0.29731775028099383]
[0.47928324492361635, 0.46714366018483644, 0.480545126089776, 0.29731775028099383, 0.7797476397564622]

block |V| list: [50, 50]
[0.9624756383623942, 0.2549999999999999]
[0.2549999999999999, 0.537524361637606]

block |V| list: [34, 34, 32]
[0.6925292974770783, 0.4240485047732272, 0.4412226207702065]
[0.4240485047732272, 0.8549604383825855, 0.2676927546729454]
[0.4412226207702065, 0.2676927546729454, 0.6962868108522755]

block |V| list: [25, 25, 25, 25]
[0.7693712992092349, 0.34197256320771235, 0.29215141682958945, 0.49152298587763743]
[0.34197256320771235, 0.6905668492690448, 0.4785181742686153, 0.4964711247627412]
[0.29215141682958945, 0.4785181742686153, 0.7543932244428873, 0.4193637350537042]
[0.49152298587763743, 0.4964711247627412, 0.4193637350537042, 0.7856686270788329]

block |V| list: [20, 20, 20, 20, 20]
[0.7612930425193833, 0.3633699274998523, 0.4070900062326856, 0.47618405251320917, 0.4888771837278291]
[0.3633699274998523, 0.6696902459230252, 0.42251459256316276, 0.48574454744133194, 0.3940416799875105]
[0.4070900062326856, 0.42251459256316276, 0.9682703358038371, 0.4555258335280187, 0.434014530522496]
[0.47618405251320917, 0.48574454744133194, 0.4555258335280187, 0.7430713367666031, 0.4788876459839037]
[0.4888771837278291, 0.3940416799875105, 0.434014530522496, 0.4788876459839037, 0.6076750389871516]

block |V| list: [50, 50]
[0.8465766520812403, 0.25499999999999995]
[0.25499999999999995, 0.6534233479187596]

block |V| list: [34, 34, 32]
[0.6504043395856566, 0.17644627304505472, 0.47424564025709126]
[0.17644627304505472, 0.8810742048248621, 0.49774710639724407]
[0.47424564025709126, 0.49774710639724407, 0.7143962431163287]

block |V| list: [25, 25, 25, 25]
[0.7240850245263815, 0.4958686267421807, 0.42246377432832716, 0.21955003652965432]
[0.4958686267421807, 0.9509087120654753, 0.39844298991540705, 0.48963407054834596]
[0.42246377432832716, 0.39844298991540705, 0.7823767049559138, 0.49404050193608473]
[0.21955003652965432, 0.48963407054834596, 0.49404050193608473, 0.542629558452229]

block |V| list: [20, 20, 20, 20, 20]
[0.5687892128759466, 0.35125997060702074, 0.465228235963374, 0.49505791528469284, 0.4486874932198113]
[0.35125997060702074, 0.7689739879839965, 0.4781456437224479, 0.48603121992493703, 0.3936962117280622]
[0.465228235963374, 0.4781456437224479, 0.7500594419386921, 0.4093497859505372, 0.4078558629354105]
[0.49505791528469284, 0.48603121992493703, 0.4093497859505372, 0.7581506660983517, 0.4709376606637065]
[0.4486874932198113, 0.3936962117280622, 0.4078558629354105, 0.4709376606637065, 0.9040266911030131]

block |V| list: [50, 50]
[0.7292287510957376, 0.255]
[0.255, 0.7707712489042625]

block |V| list: [34, 34, 32]
[0.6156797083565858, 0.4255479291829895, 0.31251436972157765]
[0.4255479291829895, 0.7522983536318103, 0.39480786728620204]
[0.31251436972157765, 0.39480786728620204, 0.8993232000494145]

block |V| list: [25, 25, 25, 25]
[0.9285172528437144, 0.49400962855606384, 0.376432170800021, 0.405066599769752]
[0.49400962855606384, 0.5789605394153521, 0.444569819771866, 0.43811633104138203]
[0.376432170800021, 0.444569819771866, 0.7611451466290243, 0.3618054500609151]
[0.405066599769752, 0.43811633104138203, 0.3618054500609151, 0.7313770611119089]

block |V| list: [20, 20, 20, 20, 20]
[0.891614967661186, 0.4635014077140015, 0.424146486426077, 0.46104619034634625, 0.48631576970793006]
[0.4635014077140015, 0.8350811813775578, 0.3495937407712014, 0.4873757064714907, 0.3993068955255064]
[0.424146486426077, 0.3495937407712014, 0.5450157427246269, 0.42111261969438163, 0.43709362434610044]
[0.46104619034634625, 0.4873757064714907, 0.42111261969438163, 0.9445473430459039, 0.4767575589969642]
[0.48631576970793006, 0.3993068955255064, 0.43709362434610044, 0.4767575589969642, 0.5337407651907256]

block |V| list: [50, 50]
[0.6318324838790806, 0.255]
[0.255, 0.8681675161209194]

block |V| list: [34, 34, 32]
[0.7761845075763076, 0.31382029745759343, 0.3494980549004106]
[0.31382029745759343, 0.7094736993242471, 0.4765347908156025]
[0.3494980549004106, 0.4765347908156025, 0.7662212619532033]

block |V| list: [25, 25, 25, 25]
[0.6689867323509444, 0.45307530635620297, 0.4022642867764235, 0.4321481444553576]
[0.45307530635620297, 0.82030998289068, 0.47967549105386814, 0.3389636905018043]
[0.4022642867764235, 0.47967549105386814, 0.6986148537153608, 0.4138730808563436]
[0.4321481444553576, 0.3389636905018043, 0.4138730808563436, 0.812088431043015]

block |V| list: [20, 20, 20, 20, 20]
[0.79726932115749, 0.2825416923545851, 0.47792300871367616, 0.48139948096406854, 0.4686668376411354]
[0.2825416923545851, 0.7424332503669949, 0.49683386299285787, 0.3458021952975898, 0.45861886944468633]
[0.47792300871367616, 0.49683386299285787, 0.6824322863206048, 0.4295126042183147, 0.46600405422633695]
[0.48139948096406854, 0.3458021952975898, 0.4295126042183147, 0.7756424799547543, 0.49894739414674844]
[0.4686668376411354, 0.45861886944468633, 0.46600405422633695, 0.49894739414674844, 0.7522226622001559]

block |V| list: [50, 50]
[0.7047069633022323, 0.255]
[0.255, 0.7952930366977677]

block |V| list: [34, 34, 32]
[0.5208313532470734, 0.2615840385407306, 0.4078291196891553]
[0.2615840385407306, 0.8327231123282366, 0.4737047511260242]
[0.4078291196891553, 0.4737047511260242, 0.9156369855085706]

block |V| list: [25, 25, 25, 25]
[0.9242390381121945, 0.4683151276911381, 0.48962538409225065, 0.2689416684649397]
[0.4683151276911381, 0.5612844349556259, 0.413272570601663, 0.45412512234554936]
[0.48962538409225065, 0.413272570601663, 0.8523230055188993, 0.42572012680445914]
[0.2689416684649397, 0.45412512234554936, 0.42572012680445914, 0.6621535214132802]

block |V| list: [20, 20, 20, 20, 20]
[0.6188462109774162, 0.4902004999272214, 0.3837316213145211, 0.37733565772213135, 0.4847641682846633]
[0.4902004999272214, 0.8715798477644487, 0.4595258388167951, 0.3558144078403227, 0.480197090131715]
[0.3837316213145211, 0.4595258388167951, 0.8764668824034889, 0.4965872995145858, 0.4122898439487222]
[0.37733565772213135, 0.3558144078403227, 0.4965872995145858, 0.8133566699651399, 0.4658035724993217]
[0.4847641682846633, 0.480197090131715, 0.4122898439487222, 0.4658035724993217, 0.5697503888895057]

block |V| list: [50, 50]
[0.8792355358938451, 0.25499999999999984]
[0.25499999999999984, 0.6207644641061552]

block |V| list: [34, 34, 32]
[0.7187558827348723, 0.38797851277267176, 0.30351380209675616]
[0.38797851277267176, 0.7262301072159392, 0.4437259398469861]
[0.30351380209675616, 0.4437259398469861, 0.8122235073338606]

block |V| list: [25, 25, 25, 25]
[0.6149555549500308, 0.47797794215774064, 0.44358226876471846, 0.40219581672548377]
[0.47797794215774064, 0.8046948280567626, 0.45571199824216563, 0.24814921683206867]
[0.44358226876471846, 0.45571199824216563, 0.7030267561576031, 0.4923827572778228]
[0.40219581672548377, 0.24814921683206867, 0.4923827572778228, 0.877322860835603]

block |V| list: [20, 20, 20, 20, 20]
[0.7731564031263819, 0.41163524284272873, 0.4568864188566575, 0.334394368849503, 0.47740833968811947]
[0.41163524284272873, 0.5938422429466989, 0.4662385318753937, 0.4689144320699294, 0.4940737649279895]
[0.4568864188566575, 0.4662385318753937, 0.8214928077159691, 0.4965185538525376, 0.34651206147966723]
[0.334394368849503, 0.4689144320699294, 0.4965185538525376, 0.7683306594847688, 0.4536682855574738]
[0.47740833968811947, 0.4940737649279895, 0.34651206147966723, 0.4536682855574738, 0.7931778867261814]

block |V| list: [50, 50]
[0.9797627355390521, 0.25499999999999984]
[0.25499999999999984, 0.5202372644609481]

block |V| list: [34, 34, 32]
[0.8550697541600016, 0.44652358291236516, 0.3287688618067158]
[0.44652358291236516, 0.7652714575136872, 0.35626674311360207]
[0.3287688618067158, 0.35626674311360207, 0.6138882666352028]

block |V| list: [25, 25, 25, 25]
[0.5285015572533458, 0.4652425201803543, 0.4798835590665215, 0.49944482755075503]
[0.4652425201803543, 0.8836375345120555, 0.4595827185869351, 0.44777347808302775]
[0.4798835590665215, 0.4595827185869351, 0.9197752704626279, 0.16807289653240656]
[0.49944482755075503, 0.44777347808302775, 0.16807289653240656, 0.6680856377719705]

block |V| list: [20, 20, 20, 20, 20]
[0.7520253741568916, 0.38845163416823475, 0.48140754676579073, 0.4992909321199901, 0.48671206433628017]
[0.38845163416823475, 0.6979045476141638, 0.32449022685049655, 0.48640220662843325, 0.48223436720942414]
[0.48140754676579073, 0.32449022685049655, 0.6921010494116389, 0.3651381362295317, 0.45622809597887826]
[0.4992909321199901, 0.48640220662843325, 0.3651381362295317, 0.6728909951022339, 0.43589478971294]
[0.48671206433628017, 0.48223436720942414, 0.45622809597887826, 0.43589478971294, 0.9350780337150721]

block |V| list: [50, 50]
[0.6668886206985156, 0.25499999999999995]
[0.25499999999999995, 0.8331113793014844]

block |V| list: [34, 34, 32]
[0.6715588655353321, 0.40398544934741504, 0.250600696174281]
[0.40398544934741504, 0.6275818953790973, 0.4796316756587966]
[0.250600696174281, 0.4796316756587966, 0.97718151840122]

block |V| list: [25, 25, 25, 25]
[0.6448790979525597, 0.4716365324986778, 0.27335396965482284, 0.4368943134443009]
[0.4716365324986778, 0.5911225680240666, 0.47539693158139856, 0.47294665158642973]
[0.27335396965482284, 0.47539693158139856, 0.9751363952152776, 0.38977160123436994]
[0.4368943134443009, 0.47294665158642973, 0.38977160123436994, 0.7888619388080966]

block |V| list: [20, 20, 20, 20, 20]
[0.6364832609865732, 0.4182005286704601, 0.3629561559901738, 0.4693414463599944, 0.34581107060290917]
[0.4182005286704601, 0.8336315329528093, 0.4825450648405916, 0.45706071266756143, 0.45176821345816714]
[0.3629561559901738, 0.4825450648405916, 0.850942618019881, 0.496091469004958, 0.47411710722087186]
[0.4693414463599944, 0.45706071266756143, 0.496091469004958, 0.6976573241855226, 0.44835823118431284]
[0.34581107060290917, 0.45176821345816714, 0.47411710722087186, 0.44835823118431284, 0.731285263855214]

block |V| list: [50, 50]
[0.8623560723044017, 0.25500000000000006]
[0.25500000000000006, 0.6376439276955982]

block |V| list: [34, 34, 32]
[0.7453759551531213, 0.3847868117051648, 0.47251180375403745]
[0.3847868117051648, 0.7089723809952941, 0.2781191205739311]
[0.47251180375403745, 0.2781191205739311, 0.8016342407676186]

block |V| list: [25, 25, 25, 25]
[0.9027304560193167, 0.31818460994068787, 0.4542321425314378, 0.49131367273956134]
[0.31818460994068787, 0.7171250730248948, 0.4797216412209793, 0.47817147472198024]
[0.4542321425314378, 0.4797216412209793, 0.7667988174289386, 0.2983764588453535]
[0.49131367273956134, 0.47817147472198024, 0.2983764588453535, 0.6133456535268501]

block |V| list: [20, 20, 20, 20, 20]
[0.6512501452838323, 0.4957738362768011, 0.3603360903042058, 0.46605142904900565, 0.4830522091531177]
[0.4957738362768011, 0.8790684572088678, 0.4953382757094799, 0.3846560680647778, 0.43050226538313396]
[0.3603360903042058, 0.4953382757094799, 0.7299306255301943, 0.4924581805998358, 0.3986674438813996]
[0.46605142904900565, 0.3846560680647778, 0.4924581805998358, 0.7073137158828248, 0.3994142015782423]
[0.4830522091531177, 0.43050226538313396, 0.3986674438813996, 0.3994142015782423, 0.7824370560942805]

block |V| list: [50, 50]
[0.7773830824987681, 0.2550000000000001]
[0.2550000000000001, 0.7226169175012317]

block |V| list: [34, 34, 32]
[0.680488651887541, 0.4086792979963341, 0.3539769002189374]
[0.4086792979963341, 0.7112936010984809, 0.3712682574246635]
[0.3539769002189374, 0.3712682574246635, 0.8723995082154065]

block |V| list: [25, 25, 25, 25]
[0.6180524641579863, 0.4436849266336459, 0.46834134521649157, 0.461195811011151]
[0.4436849266336459, 0.6334362536478598, 0.4601007526861694, 0.40974694587138727]
[0.46834134521649157, 0.4601007526861694, 0.7588894863976638, 0.276930218581155]
[0.461195811011151, 0.40974694587138727, 0.276930218581155, 0.9896217957964903]

block |V| list: [20, 20, 20, 20, 20]
[0.6895898429238969, 0.4587600722527946, 0.46834724871603284, 0.4482407794361609, 0.47714030002300584]
[0.4587600722527946, 0.9730268261505384, 0.4393907364988846, 0.3855146132889833, 0.4654945240267619]
[0.46834724871603284, 0.4393907364988846, 0.5756423787309307, 0.35125117915012544, 0.47609926408233505]
[0.4482407794361609, 0.3855146132889833, 0.35125117915012544, 0.6430051619092104, 0.4360112825249157]
[0.47714030002300584, 0.4654945240267619, 0.47609926408233505, 0.4360112825249157, 0.8687357902854238]

block |V| list: [50, 50]
[0.6629077988851351, 0.25499999999999995]
[0.25499999999999995, 0.837092201114865]

block |V| list: [34, 34, 32]
[0.7600508475785701, 0.3891190557489148, 0.2973718309886391]
[0.3891190557489148, 0.7560246360729102, 0.44865608404284496]
[0.2973718309886391, 0.44865608404284496, 0.7318178501441926]

block |V| list: [25, 25, 25, 25]
[0.8573804054801204, 0.447915648426138, 0.4633017399101661, 0.4041292934822804]
[0.447915648426138, 0.6391359195907036, 0.39249374102989104, 0.44449749892124013]
[0.4633017399101661, 0.39249374102989104, 0.8605769998920946, 0.36766207823028374]
[0.4041292934822804, 0.44449749892124013, 0.36766207823028374, 0.6429066750370817]

block |V| list: [20, 20, 20, 20, 20]
[0.7142126687625387, 0.47070888644688275, 0.37946079916500325, 0.39107227798208843, 0.48978849516324546]
[0.47070888644688275, 0.5699569176645131, 0.46356737688299793, 0.45050676871242723, 0.46307934547835033]
[0.37946079916500325, 0.46356737688299793, 0.8571254291650542, 0.4873298280010136, 0.35617437359653614]
[0.39107227798208843, 0.45050676871242723, 0.4873298280010136, 0.9018408085496925, 0.45456184857145526]
[0.48978849516324546, 0.46307934547835033, 0.35617437359653614, 0.45456184857145526, 0.7068641758582015]

block |V| list: [50, 50]
[0.7125613482465201, 0.255]
[0.255, 0.78743865175348]

block |V| list: [34, 34, 32]
[0.7923202008695251, 0.4696408920001868, 0.34042442931196537]
[0.4696408920001868, 0.6895861531956988, 0.320049034702542]
[0.34042442931196537, 0.320049034702542, 0.7704647890512286]

block |V| list: [25, 25, 25, 25]
[0.9252821390860692, 0.4285340674923405, 0.4085482846653419, 0.424759942959963]
[0.4285340674923405, 0.5519377917995071, 0.4944361019213531, 0.45110203776199925]
[0.4085482846653419, 0.4944361019213531, 0.7573119369355665, 0.3126195651990019]
[0.424759942959963, 0.45110203776199925, 0.3126195651990019, 0.7654681321788575]

block |V| list: [20, 20, 20, 20, 20]
[0.7845723811678522, 0.3728709713773385, 0.49641873687529625, 0.3597284713007378, 0.46053735657112405]
[0.3728709713773385, 0.5533362613367746, 0.4706994372183406, 0.4651196681936434, 0.4464361765049488]
[0.49641873687529625, 0.4706994372183406, 0.8988269495911352, 0.4046330563362987, 0.4839997098245457]
[0.3597284713007378, 0.4651196681936434, 0.4046330563362987, 0.78263321499268, 0.44580641579772656]
[0.46053735657112405, 0.4464361765049488, 0.4839997098245457, 0.44580641579772656, 0.7306311929115576]

block |V| list: [50, 50]
[0.5673172764512847, 0.25499999999999995]
[0.25499999999999995, 0.9326827235487152]

block |V| list: [34, 34, 32]
[0.9010625175937648, 0.3690258794567364, 0.3502849903399144]
[0.3690258794567364, 0.6367249648371698, 0.417091924502009]
[0.3502849903399144, 0.417091924502009, 0.7072605289440436]

block |V| list: [25, 25, 25, 25]
[0.698631206995393, 0.4916386734059158, 0.1305473175429087, 0.4443825061715911]
[0.4916386734059158, 0.75670477193739, 0.4926757602155907, 0.4989609080967635]
[0.1305473175429087, 0.4926757602155907, 0.7627795075083567, 0.4617948345672299]
[0.4443825061715911, 0.4989609080967635, 0.4617948345672299, 0.7818845135588606]

block |V| list: [20, 20, 20, 20, 20]
[0.6107511651004689, 0.4147109572259516, 0.46774499862344, 0.4739712039095533, 0.43741174159373564]
[0.4147109572259516, 0.6597654783239788, 0.4620903382684565, 0.4978029905290918, 0.425958063558458]
[0.46774499862344, 0.4620903382684565, 0.9090042538822372, 0.35502032492224683, 0.39205561648500814]
[0.4739712039095533, 0.4978029905290918, 0.35502032492224683, 0.6298208164391721, 0.479483764884058]
[0.43741174159373564, 0.425958063558458, 0.39205561648500814, 0.479483764884058, 0.9406582862541433]

block |V| list: [50, 50]
[0.6099949201188661, 0.25499999999999995]
[0.25499999999999995, 0.890005079881134]

block |V| list: [34, 34, 32]
[0.6257034884072786, 0.4777025296043328, 0.4700250358902682]
[0.4777025296043328, 0.6880368392127589, 0.18188293816983417]
[0.4700250358902682, 0.18188293816983417, 0.9606687020265301]

block |V| list: [25, 25, 25, 25]
[0.8113590588593833, 0.48096936380215455, 0.4818200560626468, 0.41289832536325083]
[0.48096936380215455, 0.6979807154414449, 0.4133969557742264, 0.311558749369274]
[0.4818200560626468, 0.4133969557742264, 0.6754262950381047, 0.4193565496284474]
[0.41289832536325083, 0.311558749369274, 0.4193565496284474, 0.815233930661067]

block |V| list: [20, 20, 20, 20, 20]
[0.7809578274966841, 0.40375089655460583, 0.4548650351298043, 0.3516045613032555, 0.3560794598478375]
[0.40375089655460583, 0.8685762981234998, 0.4201756763586819, 0.455017875277252, 0.4880966596881974]
[0.4548650351298043, 0.4201756763586819, 0.6657616937799818, 0.4940935832954062, 0.49875538698397576]
[0.3516045613032555, 0.455017875277252, 0.4940935832954062, 0.6839959743153193, 0.48381086556098357]
[0.3560794598478375, 0.4880966596881974, 0.49875538698397576, 0.48381086556098357, 0.7507082062845152]

block |V| list: [50, 50]
[0.8790865369225439, 0.2549999999999999]
[0.2549999999999999, 0.6209134630774562]

block |V| list: [34, 34, 32]
[0.9535843059339358, 0.4241589029023833, 0.3248472910969686]
[0.4241589029023833, 0.5929023779986291, 0.3839507863339552]
[0.3248472910969686, 0.3839507863339552, 0.6974213111165951]

block |V| list: [25, 25, 25, 25]
[0.9607918800084413, 0.42669128891367664, 0.38203347587145386, 0.43314620529102954]
[0.42669128891367664, 0.8291699740242978, 0.4672019418042262, 0.35260259091392465]
[0.38203347587145386, 0.4672019418042262, 0.6606708946622939, 0.458324497205689]
[0.43314620529102954, 0.35260259091392465, 0.458324497205689, 0.5493672513049668]

block |V| list: [20, 20, 20, 20, 20]
[0.7834181523526225, 0.4848805641700865, 0.49812878338273653, 0.4691797340325112, 0.4328163534814454]
[0.4848805641700865, 0.5277474545248414, 0.4345993104064225, 0.4895598748951751, 0.31484266304600983]
[0.49812878338273653, 0.4345993104064225, 0.86083070361617, 0.44618822336810426, 0.41849753196515904]
[0.4691797340325112, 0.4895598748951751, 0.44618822336810426, 0.8149180496644489, 0.417556961252349]
[0.4328163534814454, 0.31484266304600983, 0.41849753196515904, 0.417556961252349, 0.7630856398419175]

block |V| list: [50, 50]
[0.7951362160898511, 0.255]
[0.255, 0.7048637839101489]

block |V| list: [34, 34, 32]
[0.627967416937031, 0.49396905074943226, 0.17016108191793936]
[0.49396905074943226, 0.945964365127346, 0.4644637134254948]
[0.17016108191793936, 0.4644637134254948, 0.666379577140896]

block |V| list: [25, 25, 25, 25]
[0.7136451099674554, 0.4887976267872892, 0.4213598022627006, 0.41075054703531305]
[0.4887976267872892, 0.6748166462509408, 0.44897626684447733, 0.4169866147068404]
[0.4213598022627006, 0.44897626684447733, 0.756477051565221, 0.3331291423633796]
[0.41075054703531305, 0.4169866147068404, 0.3331291423633796, 0.8550611922163824]

block |V| list: [20, 20, 20, 20, 20]
[0.5948603615730151, 0.45876411504689646, 0.3984018404301766, 0.34569694071126433, 0.4922382537632578]
[0.45876411504689646, 0.8830017472605802, 0.4996631220952585, 0.483206253730389, 0.4763675390310568]
[0.3984018404301766, 0.4996631220952585, 0.7732715192444006, 0.37739549217958757, 0.44153057309932353]
[0.34569694071126433, 0.483206253730389, 0.37739549217958757, 0.5834392833963621, 0.4329858699127894]
[0.4922382537632578, 0.4763675390310568, 0.44153057309932353, 0.4329858699127894, 0.915427088525642]

block |V| list: [50, 50]
[0.7343749423528252, 0.2550000000000001]
[0.2550000000000001, 0.7656250576471746]

block |V| list: [34, 34, 32]
[0.7405895874197667, 0.4454966934271327, 0.4439498005493975]
[0.4454966934271327, 0.8247829001904537, 0.2421768744489801]
[0.4439498005493975, 0.2421768744489801, 0.6760605533279562]

block |V| list: [25, 25, 25, 25]
[0.745699177320503, 0.4679196706149901, 0.48592642336000286, 0.4738626920708684]
[0.4679196706149901, 0.6325406388198846, 0.42298960464830454, 0.2113078432410535]
[0.48592642336000286, 0.42298960464830454, 0.8463082869056942, 0.4579937660647805]
[0.4738626920708684, 0.2113078432410535, 0.4579937660647805, 0.7754518969539179]

block |V| list: [20, 20, 20, 20, 20]
[0.845087441126301, 0.37446954088550494, 0.40515478512604924, 0.4924135842502477, 0.47589951333165714]
[0.37446954088550494, 0.6329825560475365, 0.4807686976475697, 0.4055230213462609, 0.4314457564189483]
[0.40515478512604924, 0.4807686976475697, 0.8279723592280994, 0.4605145555030225, 0.46401893390109106]
[0.4924135842502477, 0.4055230213462609, 0.4605145555030225, 0.7903412552308674, 0.41604161158964825]
[0.47589951333165714, 0.4314457564189483, 0.46401893390109106, 0.41604161158964825, 0.6536163883671955]

block |V| list: [50, 50]
[0.7443556423590092, 0.25499999999999995]
[0.25499999999999995, 0.7556443576409907]

block |V| list: [34, 34, 32]
[0.670680194806764, 0.47425141971952783, 0.17547929793452888]
[0.47425141971952783, 0.788087688757546, 0.48009548037817884]
[0.17547929793452888, 0.48009548037817884, 0.7966355187911734]

block |V| list: [25, 25, 25, 25]
[0.7227621702799276, 0.4496606529897197, 0.35449309123243067, 0.2862383684619798]
[0.4496606529897197, 0.8247248603938175, 0.46565123262558017, 0.4674960589715832]
[0.35449309123243067, 0.46565123262558017, 0.8290972696566156, 0.49646059571870615]
[0.2862383684619798, 0.4674960589715832, 0.49646059571870615, 0.6234156996696393]

block |V| list: [20, 20, 20, 20, 20]
[0.5910389266364712, 0.46700921150569324, 0.45731064490770246, 0.4419905474557557, 0.4609515507638932]
[0.46700921150569324, 0.9777373165721556, 0.4521751877091155, 0.42846395993463066, 0.4903192909315108]
[0.45731064490770246, 0.4521751877091155, 0.8908788858734611, 0.3981805247683575, 0.4750213659027644]
[0.4419905474557557, 0.42846395993463066, 0.3981805247683575, 0.7105014926672156, 0.3348277161205763]
[0.4609515507638932, 0.4903192909315108, 0.4750213659027644, 0.3348277161205763, 0.5798433782506964]

